Y,MON,D,H,MIN,S,CHAM,CR,CS,P
2014,11,14,19,52,1,1,0,389,-538.9069
2014,11,14,19,54,1,3,0,403,-558.302
2014,11,14,19,58,1,1,391,390,1.3853648
2014,11,14,20,0,1,3,391,400,-12.468283
2014,11,14,20,4,1,1,398,397,1.3853648
2014,11,14,20,6,1,3,398,403,-6.9268236
2014,11,14,20,10,1,1,400,400,0.0
2014,11,14,20,12,1,3,400,404,-5.541459
2014,11,14,20,16,1,1,398,398,0.0
2014,11,14,20,18,1,3,398,402,-5.541459
2014,11,14,20,22,1,1,397,397,0.0
2014,11,14,20,24,1,3,397,404,-9.697554
2014,11,14,20,28,1,1,400,400,0.0
2014,11,14,20,30,1,3,400,405,-6.9268236
2014,11,14,20,34,1,1,400,399,1.3853648
2014,11,14,20,36,1,3,400,405,-6.9268236
2014,11,14,20,40,1,1,395,395,0.0
2014,11,14,20,42,1,3,395,402,-9.697554
2014,11,14,20,46,1,1,396,399,-4.1560946
2014,11,14,20,48,1,3,396,402,-8.312189
2014,11,14,20,52,1,1,397,399,-2.7707295
2014,11,14,20,54,1,3,397,402,-6.9268236
2014,11,14,20,58,1,1,396,400,-5.541459
2014,11,14,21,0,1,3,396,402,-8.312189
2014,11,14,21,4,1,1,398,401,-4.1560946
2014,11,14,21,6,1,3,398,403,-6.9268236
2014,11,14,21,10,1,1,398,400,-2.7707295
2014,11,14,21,12,1,3,398,401,-4.1560946
2014,11,14,21,16,1,1,398,400,-2.7707295
2014,11,14,21,18,1,3,398,400,-2.7707295
2014,11,14,21,22,1,1,399,393,8.312189
2014,11,14,21,24,1,3,399,390,12.468283
2014,11,14,21,28,1,1,397,387,13.853647
2014,11,14,21,30,1,3,397,386,15.239013
2014,11,14,21,34,1,1,399,385,19.395107
2014,11,14,21,36,1,3,399,383,22.165836
2014,11,14,21,40,1,1,398,384,19.395107
2014,11,14,21,42,1,3,398,383,20.780472
2014,11,14,21,46,1,1,399,385,19.395107
2014,11,14,21,48,1,3,399,385,19.395107
2014,11,14,21,52,1,1,403,386,23.5512
2014,11,14,21,54,1,3,403,384,26.32193
2014,11,14,21,58,1,1,397,385,16.624378
2014,11,14,22,0,1,3,397,383,19.395107
2014,11,14,22,4,1,1,398,384,19.395107
2014,11,14,22,6,1,3,398,382,22.165836
2014,11,14,22,10,1,1,399,383,22.165836
2014,11,14,22,12,1,3,399,383,22.165836
2014,11,14,22,16,1,1,398,384,19.395107
2014,11,14,22,18,1,3,398,382,22.165836
2014,11,14,22,22,1,1,399,384,20.780472
2014,11,14,22,24,1,3,399,382,23.5512
2014,11,14,22,28,1,1,399,384,20.780472
2014,11,14,22,30,1,3,399,382,23.5512
2014,11,14,22,34,1,1,398,383,20.780472
2014,11,14,22,36,1,3,398,382,22.165836
2014,11,14,22,40,1,1,400,384,22.165836
2014,11,14,22,42,1,3,400,382,24.936565
2014,11,14,22,46,1,1,399,382,23.5512
2014,11,14,22,48,1,3,399,381,24.936565
2014,11,14,22,52,1,1,399,383,22.165836
2014,11,14,22,54,1,3,399,380,26.32193
2014,11,14,22,58,1,1,398,382,22.165836
2014,11,14,23,0,1,3,398,380,24.936565
2014,11,14,23,4,1,1,399,382,23.5512
2014,11,14,23,6,1,3,399,381,24.936565
2014,11,14,23,10,1,1,398,384,19.395107
2014,11,14,23,12,1,3,398,381,23.5512
2014,11,14,23,16,1,1,400,384,22.165836
2014,11,14,23,18,1,3,400,381,26.32193
2014,11,14,23,22,1,1,398,385,18.009743
2014,11,14,23,24,1,3,398,381,23.5512
2014,11,14,23,28,1,1,398,384,19.395107
2014,11,14,23,30,1,3,398,381,23.5512
2014,11,14,23,34,1,1,399,384,20.780472
2014,11,14,23,36,1,3,399,380,26.32193
2014,11,14,23,40,1,1,398,384,19.395107
2014,11,14,23,42,1,3,398,380,24.936565
2014,11,14,23,46,1,1,400,384,22.165836
2014,11,14,23,48,1,3,400,381,26.32193
2014,11,14,23,52,1,1,398,384,19.395107
2014,11,14,23,54,1,3,398,381,23.5512
2014,11,14,23,58,1,1,400,384,22.165836
2014,11,15,0,0,1,3,400,381,26.32193
2014,11,15,0,4,1,1,399,384,20.780472
2014,11,15,0,6,1,3,399,381,24.936565
2014,11,15,0,10,1,1,398,385,18.009743
2014,11,15,0,12,1,3,398,382,22.165836
2014,11,15,0,16,1,1,400,385,20.780472
2014,11,15,0,18,1,3,400,380,27.707294
2014,11,15,0,22,1,1,398,384,19.395107
2014,11,15,0,24,1,3,398,381,23.5512
2014,11,15,0,28,1,1,402,385,23.5512
2014,11,15,0,30,1,3,402,380,30.478025
2014,11,15,0,34,1,1,396,384,16.624378
2014,11,15,0,36,1,3,396,380,22.165836
2014,11,15,0,40,1,1,398,384,19.395107
2014,11,15,0,42,1,3,398,380,24.936565
2014,11,15,0,46,1,1,400,383,23.5512
2014,11,15,0,48,1,3,400,380,27.707294
2014,11,15,0,52,1,1,398,383,20.780472
2014,11,15,0,54,1,3,398,379,26.32193
2014,11,15,0,58,1,1,398,385,18.009743
2014,11,15,1,0,1,3,398,380,24.936565
2014,11,15,1,4,1,1,399,384,20.780472
2014,11,15,1,6,1,3,399,380,26.32193
2014,11,15,1,10,1,1,397,384,18.009743
2014,11,15,1,12,1,3,397,380,23.5512
2014,11,15,1,16,1,1,400,385,20.780472
2014,11,15,1,18,1,3,400,380,27.707294
2014,11,15,1,22,1,1,398,385,18.009743
2014,11,15,1,24,1,3,398,381,23.5512
2014,11,15,1,28,1,1,399,384,20.780472
2014,11,15,1,30,1,3,399,380,26.32193
2014,11,15,1,34,1,1,399,384,20.780472
2014,11,15,1,36,1,3,399,380,26.32193
2014,11,15,1,40,1,1,399,384,20.780472
2014,11,15,1,42,1,3,399,380,26.32193
2014,11,15,1,46,1,1,395,384,15.239013
2014,11,15,1,48,1,3,395,380,20.780472
2014,11,15,1,52,1,1,399,384,20.780472
2014,11,15,1,54,1,3,399,380,26.32193
2014,11,15,1,58,1,1,398,383,20.780472
2014,11,15,2,0,1,3,398,380,24.936565
2014,11,15,2,4,1,1,399,384,20.780472
2014,11,15,2,6,1,3,399,380,26.32193
2014,11,15,2,10,1,1,399,383,22.165836
2014,11,15,2,12,1,3,399,380,26.32193
2014,11,15,2,16,1,1,398,384,19.395107
2014,11,15,2,18,1,3,398,380,24.936565
2014,11,15,2,22,1,1,399,383,22.165836
2014,11,15,2,24,1,3,399,379,27.707294
2014,11,15,2,28,1,1,396,383,18.009743
2014,11,15,2,30,1,3,396,380,22.165836
2014,11,15,2,34,1,1,399,384,20.780472
2014,11,15,2,36,1,3,399,380,26.32193
2014,11,15,2,40,1,1,399,384,20.780472
2014,11,15,2,42,1,3,399,380,26.32193
2014,11,15,2,46,1,1,398,383,20.780472
2014,11,15,2,48,1,3,398,381,23.5512
2014,11,15,2,52,1,1,399,383,22.165836
2014,11,15,2,54,1,3,399,380,26.32193
2014,11,15,2,58,1,1,400,384,22.165836
2014,11,15,3,0,1,3,400,379,29.09266
2014,11,15,3,4,1,1,397,382,20.780472
2014,11,15,3,6,1,3,397,379,24.936565
2014,11,15,3,10,1,1,399,383,22.165836
2014,11,15,3,12,1,3,399,379,27.707294
2014,11,15,3,16,1,1,399,382,23.5512
2014,11,15,3,18,1,3,399,379,27.707294
2014,11,15,3,22,1,1,401,384,23.5512
2014,11,15,3,24,1,3,401,379,30.478025
2014,11,15,3,28,1,1,398,383,20.780472
2014,11,15,3,30,1,3,398,379,26.32193
2014,11,15,3,34,1,1,398,383,20.780472
2014,11,15,3,36,1,3,398,379,26.32193
2014,11,15,3,40,1,1,399,383,22.165836
2014,11,15,3,42,1,3,399,379,27.707294
2014,11,15,3,46,1,1,399,382,23.5512
2014,11,15,3,48,1,3,399,380,26.32193
2014,11,15,3,52,1,1,399,385,19.395107
2014,11,15,3,54,1,3,399,380,26.32193
2014,11,15,3,58,1,1,400,383,23.5512
2014,11,15,4,0,1,3,400,379,29.09266
2014,11,15,4,4,1,1,398,383,20.780472
2014,11,15,4,6,1,3,398,379,26.32193
2014,11,15,4,10,1,1,398,382,22.165836
2014,11,15,4,12,1,3,398,379,26.32193
2014,11,15,4,16,1,1,398,381,23.5512
2014,11,15,4,18,1,3,398,369,40.17558
2014,11,15,4,22,1,1,398,365,45.717037
2014,11,15,4,24,1,3,398,356,58.18532
2014,11,15,4,28,1,1,398,360,52.64386
2014,11,15,4,30,1,3,398,352,63.72678
2014,11,15,4,34,1,1,399,358,56.799957
2014,11,15,4,36,1,3,399,350,67.88287
2014,11,15,4,40,1,1,399,358,56.799957
2014,11,15,4,42,1,3,399,350,67.88287
2014,11,15,4,46,1,1,398,357,56.799957
2014,11,15,4,48,1,3,398,350,66.49751
2014,11,15,4,52,1,1,399,358,56.799957
2014,11,15,4,54,1,3,399,350,67.88287
2014,11,15,4,58,1,1,400,359,56.799957
2014,11,15,5,0,1,3,400,349,70.6536
2014,11,15,5,4,1,1,399,358,56.799957
2014,11,15,5,6,1,3,399,349,69.26824
2014,11,15,5,10,1,1,400,358,58.18532
2014,11,15,5,12,1,3,400,349,70.6536
2014,11,15,5,16,1,1,397,358,54.029224
2014,11,15,5,18,1,3,397,349,66.49751
2014,11,15,5,22,1,1,400,357,59.570686
2014,11,15,5,24,1,3,400,349,70.6536
2014,11,15,5,28,1,1,400,358,58.18532
2014,11,15,5,30,1,3,400,349,70.6536
2014,11,15,5,34,1,1,398,358,55.41459
2014,11,15,5,36,1,3,398,350,66.49751
2014,11,15,5,40,1,1,398,358,55.41459
2014,11,15,5,42,1,3,398,349,67.88287
2014,11,15,5,46,1,1,397,358,54.029224
2014,11,15,5,48,1,3,397,350,65.112144
2014,11,15,5,52,1,1,400,358,58.18532
2014,11,15,5,54,1,3,400,349,70.6536
2014,11,15,5,58,1,1,398,358,55.41459
2014,11,15,6,0,1,3,398,349,67.88287
2014,11,15,6,4,1,1,400,358,58.18532
2014,11,15,6,6,1,3,400,350,69.26824
2014,11,15,6,10,1,1,398,358,55.41459
2014,11,15,6,12,1,3,398,350,66.49751
2014,11,15,6,16,1,1,400,358,58.18532
2014,11,15,6,18,1,3,400,348,72.03897
2014,11,15,6,22,1,1,399,358,56.799957
2014,11,15,6,24,1,3,399,350,67.88287
2014,11,15,6,28,1,1,399,358,56.799957
2014,11,15,6,30,1,3,399,350,67.88287
2014,11,15,6,34,1,1,399,359,55.41459
2014,11,15,6,36,1,3,399,349,69.26824
2014,11,15,6,40,1,1,399,357,58.18532
2014,11,15,6,42,1,3,399,348,70.6536
2014,11,15,6,46,1,1,398,359,54.029224
2014,11,15,6,48,1,3,398,349,67.88287
2014,11,15,6,52,1,1,398,357,56.799957
2014,11,15,6,54,1,3,398,347,70.6536
2014,11,15,6,58,1,1,398,357,56.799957
2014,11,15,7,0,1,3,398,349,67.88287
2014,11,15,7,4,1,1,398,357,56.799957
2014,11,15,7,6,1,3,398,348,69.26824
2014,11,15,7,10,1,1,398,358,55.41459
2014,11,15,7,12,1,3,398,349,67.88287
2014,11,15,7,16,1,1,400,358,58.18532
2014,11,15,7,18,1,3,400,349,70.6536
2014,11,15,7,22,1,1,398,358,55.41459
2014,11,15,7,24,1,3,398,349,67.88287
2014,11,15,7,28,1,1,399,358,56.799957
2014,11,15,7,30,1,3,399,349,69.26824
2014,11,15,7,34,1,1,397,357,55.41459
2014,11,15,7,36,1,3,397,349,66.49751
2014,11,15,7,40,1,1,399,359,55.41459
2014,11,15,7,42,1,3,399,349,69.26824
2014,11,15,7,46,1,1,398,358,55.41459
2014,11,15,7,48,1,3,398,348,69.26824
2014,11,15,7,52,1,1,399,357,58.18532
2014,11,15,7,54,1,3,399,348,70.6536
2014,11,15,7,58,1,1,398,358,55.41459
2014,11,15,8,0,1,3,398,349,67.88287
2014,11,15,8,4,1,1,398,358,55.41459
2014,11,15,8,6,1,3,398,350,66.49751
2014,11,15,8,10,1,1,399,356,59.570686
2014,11,15,8,12,1,3,399,349,69.26824
2014,11,15,8,16,1,1,399,356,59.570686
2014,11,15,8,18,1,3,399,349,69.26824
2014,11,15,8,22,1,1,400,358,58.18532
2014,11,15,8,24,1,3,400,349,70.6536
2014,11,15,8,28,1,1,400,358,58.18532
2014,11,15,8,30,1,3,400,348,72.03897
2014,11,15,8,34,1,1,396,358,52.64386
2014,11,15,8,36,1,3,396,349,65.112144
2014,11,15,8,40,1,1,398,358,55.41459
2014,11,15,8,42,1,3,398,350,66.49751
2014,11,15,8,46,1,1,400,358,58.18532
2014,11,15,8,48,1,3,400,349,70.6536
2014,11,15,8,52,1,1,399,358,56.799957
2014,11,15,8,54,1,3,399,349,69.26824
2014,11,15,8,58,1,1,399,358,56.799957
2014,11,15,9,0,1,3,399,350,67.88287
2014,11,15,9,4,1,1,399,359,55.41459
2014,11,15,9,6,1,3,399,350,67.88287
2014,11,15,9,10,1,1,399,357,58.18532
2014,11,15,9,12,1,3,399,348,70.6536
2014,11,15,9,16,1,1,398,357,56.799957
2014,11,15,9,18,1,3,398,348,69.26824
2014,11,15,9,22,1,1,398,357,56.799957
2014,11,15,9,24,1,3,398,349,67.88287
2014,11,15,9,28,1,1,398,357,56.799957
2014,11,15,9,30,1,3,398,350,66.49751
2014,11,15,9,34,1,1,397,358,54.029224
2014,11,15,9,36,1,3,397,349,66.49751
2014,11,15,9,40,1,1,399,358,56.799957
2014,11,15,9,42,1,3,399,348,70.6536
2014,11,15,9,46,1,1,400,357,59.570686
2014,11,15,9,48,1,3,400,348,72.03897
2014,11,15,9,52,1,1,398,356,58.18532
2014,11,15,9,54,1,3,398,349,67.88287
2014,11,15,9,58,1,1,399,357,58.18532
2014,11,15,10,0,1,3,399,349,69.26824
2014,11,15,10,4,1,1,399,357,58.18532
2014,11,15,10,6,1,3,399,350,67.88287
2014,11,15,10,10,1,1,399,357,58.18532
2014,11,15,10,12,1,3,399,350,67.88287
2014,11,15,10,16,1,1,399,357,58.18532
2014,11,15,10,18,1,3,399,349,69.26824
2014,11,15,10,22,1,1,398,357,56.799957
2014,11,15,10,24,1,3,398,350,66.49751
2014,11,15,10,28,1,1,402,358,60.95605
2014,11,15,10,30,1,3,402,349,73.42433
2014,11,15,10,34,1,1,398,357,56.799957
2014,11,15,10,36,1,3,398,349,67.88287
2014,11,15,10,40,1,1,398,356,58.18532
2014,11,15,10,42,1,3,398,349,67.88287
2014,11,15,10,46,1,1,398,356,58.18532
2014,11,15,10,48,1,3,398,348,69.26824
2014,11,15,10,52,1,1,399,357,58.18532
2014,11,15,10,54,1,3,399,349,69.26824
2014,11,15,10,58,1,1,399,356,59.570686
2014,11,15,11,0,1,3,399,350,67.88287
2014,11,15,11,4,1,1,399,356,59.570686
2014,11,15,11,6,1,3,399,350,67.88287
2014,11,15,11,10,1,1,400,356,60.95605
2014,11,15,11,12,1,3,400,348,72.03897
2014,11,15,11,16,1,1,398,357,56.799957
2014,11,15,11,18,1,3,398,353,62.341415
2014,11,15,11,22,1,1,397,370,37.40485
2014,11,15,11,24,1,3,397,365,44.331673
2014,11,15,11,28,1,1,400,374,36.019485
2014,11,15,11,30,1,3,400,369,42.94631
2014,11,15,11,34,1,1,401,377,33.248756
2014,11,15,11,36,1,3,401,372,40.17558
2014,11,15,11,40,1,1,399,376,31.86339
2014,11,15,11,42,1,3,399,371,38.790215
2014,11,15,11,46,1,1,398,377,29.09266
2014,11,15,11,48,1,3,398,372,36.019485
2014,11,15,11,52,1,1,399,378,29.09266
2014,11,15,11,54,1,3,399,372,37.40485
2014,11,15,11,58,1,1,399,378,29.09266
2014,11,15,12,0,1,3,399,372,37.40485
2014,11,15,12,4,1,1,400,377,31.86339
2014,11,15,12,6,1,3,400,372,38.790215
2014,11,15,12,10,1,1,398,376,30.478025
2014,11,15,12,12,1,3,398,372,36.019485
2014,11,15,12,16,1,1,398,375,31.86339
2014,11,15,12,18,1,3,398,371,37.40485
2014,11,15,12,22,1,1,399,375,33.248756
2014,11,15,12,24,1,3,399,372,37.40485
2014,11,15,12,28,1,1,400,377,31.86339
2014,11,15,12,30,1,3,400,373,37.40485
2014,11,15,12,34,1,1,399,377,30.478025
2014,11,15,12,36,1,3,399,372,37.40485
2014,11,15,12,40,1,1,397,375,30.478025
2014,11,15,12,42,1,3,397,371,36.019485
2014,11,15,12,46,1,1,399,376,31.86339
2014,11,15,12,48,1,3,399,372,37.40485
2014,11,15,12,52,1,1,400,377,31.86339
2014,11,15,12,54,1,3,400,372,38.790215
2014,11,15,12,58,1,1,397,376,29.09266
2014,11,15,13,0,1,3,397,371,36.019485
2014,11,15,13,4,1,1,399,377,30.478025
2014,11,15,13,6,1,3,399,371,38.790215
2014,11,15,13,10,1,1,399,377,30.478025
2014,11,15,13,12,1,3,399,372,37.40485
2014,11,15,13,16,1,1,400,377,31.86339
2014,11,15,13,18,1,3,400,372,38.790215
2014,11,15,13,22,1,1,399,376,31.86339
2014,11,15,13,24,1,3,399,371,38.790215
2014,11,15,13,28,1,1,396,378,24.936565
2014,11,15,13,30,1,3,396,372,33.248756
2014,11,15,13,34,1,1,400,377,31.86339
2014,11,15,13,36,1,3,400,372,38.790215
2014,11,15,13,40,1,1,400,377,31.86339
2014,11,15,13,42,1,3,400,373,37.40485
2014,11,15,13,46,1,1,402,377,34.63412
2014,11,15,13,48,1,3,402,372,41.560944
2014,11,15,13,52,1,1,399,375,33.248756
2014,11,15,13,54,1,3,399,372,37.40485
2014,11,15,13,58,1,1,399,377,30.478025
2014,11,15,14,0,1,3,399,373,36.019485
2014,11,15,14,4,1,1,399,378,29.09266
2014,11,15,14,6,1,3,399,373,36.019485
2014,11,15,14,10,1,1,398,378,27.707294
2014,11,15,14,12,1,3,398,373,34.63412
2014,11,15,14,16,1,1,399,378,29.09266
2014,11,15,14,18,1,3,399,373,36.019485
2014,11,15,14,22,1,1,400,378,30.478025
2014,11,15,14,24,1,3,400,372,38.790215
2014,11,15,14,28,1,1,398,379,26.32193
2014,11,15,14,30,1,3,398,373,34.63412
2014,11,15,14,34,1,1,400,377,31.86339
2014,11,15,14,36,1,3,400,373,37.40485
2014,11,15,14,40,1,1,399,378,29.09266
2014,11,15,14,42,1,3,399,372,37.40485
2014,11,15,14,46,1,1,399,377,30.478025
2014,11,15,14,48,1,3,399,373,36.019485
2014,11,15,14,52,1,1,400,378,30.478025
2014,11,15,14,54,1,3,400,373,37.40485
2014,11,15,14,58,1,1,399,377,30.478025
2014,11,15,15,0,1,3,399,372,37.40485
2014,11,15,15,4,1,1,398,377,29.09266
2014,11,15,15,6,1,3,398,372,36.019485
2014,11,15,15,10,1,1,399,377,30.478025
2014,11,15,15,12,1,3,399,372,37.40485
2014,11,15,15,16,1,1,400,377,31.86339
2014,11,15,15,18,1,3,400,372,38.790215
2014,11,15,15,22,1,1,399,377,30.478025
2014,11,15,15,24,1,3,399,373,36.019485
2014,11,15,15,28,1,1,398,377,29.09266
2014,11,15,15,30,1,3,398,372,36.019485
2014,11,15,15,34,1,1,398,376,30.478025
2014,11,15,15,36,1,3,398,371,37.40485
2014,11,15,15,40,1,1,398,377,29.09266
2014,11,15,15,42,1,3,398,372,36.019485
2014,11,15,15,46,1,1,398,376,30.478025
2014,11,15,15,48,1,3,398,373,34.63412
2014,11,15,15,52,1,1,400,377,31.86339
2014,11,15,15,54,1,3,400,372,38.790215
2014,11,15,15,58,1,1,398,377,29.09266
2014,11,15,16,0,1,3,398,373,34.63412
2014,11,15,16,4,1,1,397,377,27.707294
2014,11,15,16,6,1,3,397,372,34.63412
2014,11,15,16,10,1,1,399,377,30.478025
2014,11,15,16,12,1,3,399,372,37.40485
2014,11,15,16,16,1,1,400,377,31.86339
2014,11,15,16,18,1,3,400,372,38.790215
2014,11,15,16,22,1,1,399,376,31.86339
2014,11,15,16,24,1,3,399,372,37.40485
2014,11,15,16,28,1,1,399,376,31.86339
2014,11,15,16,30,1,3,399,372,37.40485
2014,11,15,16,34,1,1,398,376,30.478025
2014,11,15,16,36,1,3,398,371,37.40485
2014,11,15,16,40,1,1,398,376,30.478025
2014,11,15,16,42,1,3,398,373,34.63412
2014,11,15,16,46,1,1,402,378,33.248756
2014,11,15,16,48,1,3,402,372,41.560944
2014,11,15,16,52,1,1,399,377,30.478025
2014,11,15,16,54,1,3,399,371,38.790215
2014,11,15,16,58,1,1,398,377,29.09266
2014,11,15,17,0,1,3,398,372,36.019485
2014,11,15,17,4,1,1,400,376,33.248756
2014,11,15,17,6,1,3,400,371,40.17558
2014,11,15,17,10,1,1,399,376,31.86339
2014,11,15,17,12,1,3,399,372,37.40485
2014,11,15,17,16,1,1,399,376,31.86339
2014,11,15,17,18,1,3,399,372,37.40485
2014,11,15,17,22,1,1,400,377,31.86339
2014,11,15,17,24,1,3,400,372,38.790215
2014,11,15,17,28,1,1,398,377,29.09266
2014,11,15,17,30,1,3,398,373,34.63412
2014,11,15,17,34,1,1,399,376,31.86339
2014,11,15,17,36,1,3,399,372,37.40485
2014,11,15,17,40,1,1,399,377,30.478025
2014,11,15,17,42,1,3,399,372,37.40485
2014,11,15,17,46,1,1,399,376,31.86339
2014,11,15,17,48,1,3,399,372,37.40485
2014,11,15,17,52,1,1,398,377,29.09266
2014,11,15,17,54,1,3,398,372,36.019485
2014,11,15,17,58,1,1,399,376,31.86339
2014,11,15,18,0,1,3,399,372,37.40485
2014,11,15,18,4,1,1,400,376,33.248756
2014,11,15,18,6,1,3,400,371,40.17558
2014,11,15,18,10,1,1,400,376,33.248756
2014,11,15,18,12,1,3,400,371,40.17558
2014,11,15,18,16,1,1,399,376,31.86339
2014,11,15,18,18,1,3,399,379,27.707294
2014,11,15,18,22,1,1,399,392,9.697554
2014,11,15,18,24,1,3,399,396,4.1560946
2014,11,15,18,28,1,1,399,399,0.0
2014,11,15,18,30,1,3,399,400,-1.3853648
2014,11,15,18,34,1,1,399,401,-2.7707295
2014,11,15,18,36,1,3,399,402,-4.1560946
2014,11,15,18,40,1,1,400,401,-1.3853648
2014,11,15,18,42,1,3,400,402,-2.7707295
2014,11,15,18,46,1,1,398,402,-5.541459
2014,11,15,18,48,1,3,398,403,-6.9268236
2014,11,15,18,52,1,1,399,402,-4.1560946
2014,11,15,18,54,1,3,399,403,-5.541459
2014,11,15,18,58,1,1,399,401,-2.7707295
2014,11,15,19,0,1,3,399,402,-4.1560946
2014,11,15,19,4,1,1,398,402,-5.541459
2014,11,15,19,6,1,3,398,400,-2.7707295
2014,11,15,19,10,1,1,399,401,-2.7707295
2014,11,15,19,12,1,3,399,402,-4.1560946
2014,11,15,19,16,1,1,399,400,-1.3853648
2014,11,15,19,18,1,3,399,401,-2.7707295
2014,11,15,19,22,1,1,398,402,-5.541459
2014,11,15,19,24,1,3,398,404,-8.312189
2014,11,15,19,28,1,1,398,402,-5.541459
2014,11,15,19,30,1,3,398,403,-6.9268236
2014,11,15,19,34,1,1,399,402,-4.1560946
2014,11,15,19,36,1,3,399,404,-6.9268236
2014,11,15,19,40,1,1,397,400,-4.1560946
2014,11,15,19,42,1,3,397,403,-8.312189
2014,11,15,19,46,1,1,399,401,-2.7707295
2014,11,15,19,48,1,3,399,402,-4.1560946
2014,11,15,19,52,1,1,398,400,-2.7707295
2014,11,15,19,54,1,3,398,403,-6.9268236
2014,11,15,19,58,1,1,399,401,-2.7707295
2014,11,15,20,0,1,3,399,402,-4.1560946
2014,11,15,20,4,1,1,398,400,-2.7707295
2014,11,15,20,6,1,3,398,402,-5.541459
2014,11,15,20,10,1,1,397,401,-5.541459
2014,11,15,20,12,1,3,397,403,-8.312189
2014,11,15,20,16,1,1,399,401,-2.7707295
2014,11,15,20,18,1,3,399,403,-5.541459
2014,11,15,20,22,1,1,398,401,-4.1560946
2014,11,15,20,24,1,3,398,403,-6.9268236
2014,11,15,20,28,1,1,397,402,-6.9268236
2014,11,15,20,30,1,3,397,404,-9.697554
2014,11,15,20,34,1,1,396,402,-8.312189
2014,11,15,20,36,1,3,396,403,-9.697554
2014,11,15,20,40,1,1,400,401,-1.3853648
2014,11,15,20,42,1,3,400,404,-5.541459
2014,11,15,20,46,1,1,398,401,-4.1560946
2014,11,15,20,48,1,3,398,402,-5.541459
2014,11,15,20,52,1,1,399,401,-2.7707295
2014,11,15,20,54,1,3,399,403,-5.541459
2014,11,15,20,58,1,1,398,401,-4.1560946
2014,11,15,21,0,1,3,398,403,-6.9268236
2014,11,15,21,4,1,1,398,402,-5.541459
2014,11,15,21,6,1,3,398,403,-6.9268236
2014,11,15,21,10,1,1,398,402,-5.541459
2014,11,15,21,12,1,3,398,402,-5.541459
2014,11,15,21,16,1,1,396,401,-6.9268236
2014,11,15,21,18,1,3,396,401,-6.9268236
2014,11,15,21,22,1,1,398,392,8.312189
2014,11,15,21,24,1,3,398,387,15.239013
2014,11,15,21,28,1,1,399,386,18.009743
2014,11,15,21,30,1,3,399,382,23.5512
2014,11,15,21,34,1,1,399,383,22.165836
2014,11,15,21,36,1,3,399,380,26.32193
2014,11,15,21,40,1,1,399,382,23.5512
2014,11,15,21,42,1,3,399,379,27.707294
2014,11,15,21,46,1,1,399,381,24.936565
2014,11,15,21,48,1,3,399,378,29.09266
2014,11,15,21,52,1,1,398,382,22.165836
2014,11,15,21,54,1,3,398,379,26.32193
2014,11,15,21,58,1,1,399,382,23.5512
